Nodal Displacements: 
 Node      Coords         u1       u2 
  1   0.0000   1.0000  -0.0000   0.0001
  2   0.2000   0.9800   0.0000   0.0000
  3   0.3800   0.9200   0.0000   0.0000
  4   0.5600   0.8300   0.0000   0.0000
  5   0.7100   0.7100   0.0000   0.0000
  6   0.8300   0.5600   0.0000   0.0000
  7   0.9200   0.3800   0.0000   0.0000
  8   0.9800   0.2000   0.0000   0.0000
  9   1.0000   0.0000   0.0001   0.0000
 10   0.0000   1.7500  -0.0000   0.0000
 11   0.3400   1.7200   0.0000   0.0000
 12   0.6700   1.6200   0.0000   0.0000
 13   0.9700   1.4600   0.0000   0.0000
 14   1.2400   1.2400   0.0000   0.0000
 15   1.4600   0.9700   0.0000   0.0000
 16   1.6200   0.6700   0.0000   0.0000
 17   1.7200   0.3400   0.0000   0.0000
 18   1.7500   0.0000   0.0000  -0.0000
 19   0.0000   2.5000   0.0000   0.0000
 20   0.4900   2.4500   0.0000   0.0000
 21   0.9600   2.3100   0.0000   0.0000
 22   1.3900   2.0800   0.0000   0.0000
 23   1.7700   1.7700   0.0000   0.0000
 24   2.0800   1.3900   0.0000   0.0000
 25   2.3100   0.9600   0.0000   0.0000
 26   2.4500   0.4900   0.0000   0.0000
 27   2.5000   0.0000   0.0000   0.0000
 28   0.0000   3.2500  -0.0000   0.0000
 29   0.6300   3.1900   0.0000  -0.0000
 30   1.2400   3.0000   0.0000  -0.0000
 31   1.8100   2.7000   0.0000   0.0000
 32   2.3000   2.3000   0.0001   0.0001
 33   2.7000   1.8100   0.0000   0.0000
 34   3.0000   1.2400  -0.0000   0.0000
 35   3.1900   0.6300  -0.0000   0.0000
 36   3.2500   0.0000   0.0000  -0.0000
 37   0.0000   4.0000  -0.0000   0.0000
 38   0.7800   3.9200   0.0000  -0.0000
 39   1.5300   3.7000   0.0000  -0.0000
 40   2.2200   3.3300   0.0000   0.0000
 41   2.8300   2.8300   0.0001   0.0001
 42   3.3300   2.2200   0.0000   0.0000
 43   3.7000   1.5300  -0.0000   0.0000
 44   3.9200   0.7800  -0.0000   0.0000
 45   4.0000   0.0000   0.0000   0.0000


 Strains and Stresses 
 
 Element; 1   
 int pt    Coords          e_11      e_22     e_12      s_11       s_22      s_12 
    1  0.0485  1.1538    0.0000   -0.0000   -0.0000    5.6977    5.6975   -0.0000 
    2  0.1811  1.1411    0.0000   -0.0000   -0.0000    5.9549    5.9548   -0.0000 
    3  0.0656  1.5856    0.0000   -0.0000   -0.0000   -3.8382   -3.8383   -0.0000 
    4  0.2448  1.5695    0.0000   -0.0000   -0.0000   -3.6288   -3.6289   -0.0000 
 
 Element; 2   
 int pt    Coords          e_11      e_22     e_12      s_11       s_22      s_12 
    1  0.2743  1.1219    0.0000   -0.0000   -0.0000    5.7415    5.7413   -0.0000 
    2  0.3965  1.0824    0.0000   -0.0000   -0.0000    5.8207    5.8205   -0.0000 
    3  0.3735  1.5443    0.0000   -0.0000   -0.0000   -3.7460   -3.7461   -0.0000 
    4  0.5457  1.4914    0.0000   -0.0000   -0.0000   -3.6475   -3.6476   -0.0000 
 
 Element; 3   
 int pt    Coords          e_11      e_22     e_12      s_11       s_22      s_12 
    1  0.4847  1.0458    0.0001   -0.0000   -0.0000    5.6520    5.6518   -0.0000 
    2  0.6032  0.9853    0.0000   -0.0000   -0.0000    5.8539    5.8538   -0.0000 
    3  0.6668  1.4414    0.0000   -0.0000   -0.0000   -3.6780   -3.6781   -0.0000 
    4  0.8253  1.3576    0.0000   -0.0000   -0.0000   -3.5699   -3.5700   -0.0000 
 
 Element; 4   
 int pt    Coords          e_11      e_22     e_12      s_11       s_22      s_12 
    1  0.6837  0.9333    0.0000   -0.0000   -0.0000    5.6589    5.6587   -0.0000 
    2  0.7849  0.8518    0.0000   -0.0000   -0.0000    5.9831    5.9829   -0.0000 
    3  0.9351  1.2848    0.0000   -0.0000   -0.0000   -3.7596   -3.7597   -0.0000 
    4  1.0763  1.1700    0.0000   -0.0000   -0.0000   -3.5420   -3.5422   -0.0000 
 
 Element; 5   
 int pt    Coords          e_11      e_22     e_12      s_11       s_22      s_12 
    1  0.8518  0.7849   -0.0000    0.0000   -0.0000    5.9829    5.9831   -0.0000 
    2  0.9333  0.6837   -0.0000    0.0000   -0.0000    5.6587    5.6589   -0.0000 
    3  1.1700  1.0763   -0.0000    0.0000   -0.0000   -3.5422   -3.5420   -0.0000 
    4  1.2848  0.9351   -0.0000    0.0000   -0.0000   -3.7597   -3.7596   -0.0000 
 
 Element; 6   
 int pt    Coords          e_11      e_22     e_12      s_11       s_22      s_12 
    1  0.9853  0.6032   -0.0000    0.0000   -0.0000    5.8538    5.8539   -0.0000 
    2  1.0458  0.4847   -0.0000    0.0001   -0.0000    5.6518    5.6520   -0.0000 
    3  1.3576  0.8253   -0.0000    0.0000   -0.0000   -3.5700   -3.5699   -0.0000 
    4  1.4414  0.6668   -0.0000    0.0000   -0.0000   -3.6781   -3.6780   -0.0000 
 
 Element; 7   
 int pt    Coords          e_11      e_22     e_12      s_11       s_22      s_12 
    1  1.0824  0.3965   -0.0000    0.0000   -0.0000    5.8205    5.8207   -0.0000 
    2  1.1219  0.2743   -0.0000    0.0000   -0.0000    5.7413    5.7415   -0.0000 
    3  1.4914  0.5457   -0.0000    0.0000   -0.0000   -3.6476   -3.6475   -0.0000 
    4  1.5443  0.3735   -0.0000    0.0000   -0.0000   -3.7461   -3.7460   -0.0000 
 
 Element; 8   
 int pt    Coords          e_11      e_22     e_12      s_11       s_22      s_12 
    1  1.1411  0.1811   -0.0000    0.0000   -0.0000    5.9548    5.9549   -0.0000 
    2  1.1538  0.0485   -0.0000    0.0000   -0.0000    5.6975    5.6977   -0.0000 
    3  1.5695  0.2448   -0.0000    0.0000   -0.0000   -3.6289   -3.6288   -0.0000 
    4  1.5856  0.0656   -0.0000    0.0000   -0.0000   -3.8383   -3.8382   -0.0000 
 
 Element; 9   
 int pt    Coords          e_11      e_22     e_12      s_11       s_22      s_12 
    1  0.0785  1.9013    0.0000   -0.0000   -0.0000    1.4096    1.4095   -0.0000 
    2  0.2931  1.8815    0.0000   -0.0000   -0.0000    1.4523    1.4522   -0.0000 
    3  0.0969  2.3318    0.0000   -0.0000   -0.0000   -1.0464   -1.0465   -0.0000 
    4  0.3615  2.3054    0.0000   -0.0000   -0.0000   -1.0214   -1.0214   -0.0000 
 
 Element; 10   
 int pt    Coords          e_11      e_22     e_12      s_11       s_22      s_12 
    1  0.4477  1.8513    0.0000   -0.0000   -0.0000    1.3669    1.3668   -0.0000 
    2  0.6553  1.7887    0.0000   -0.0000   -0.0000    1.5101    1.5100   -0.0000 
    3  0.5514  2.2679    0.0000   -0.0000   -0.0000   -1.0892   -1.0893   -0.0000 
    4  0.8056  2.1920    0.0000   -0.0000   -0.0000   -0.9689   -0.9689   -0.0000 
 
 Element; 11   
 int pt    Coords          e_11      e_22     e_12      s_11       s_22      s_12 
    1  0.8005  1.7289    0.0000   -0.0000    0.0000    1.3208    1.3207    0.0000 
    2  0.9896  1.6280    0.0000   -0.0000    0.0000    1.4673    1.4672    0.0000 
    3  0.9838  2.1187    0.0000   -0.0000    0.0000   -1.1186   -1.1187    0.0000 
    4  1.2162  1.9945    0.0000   -0.0000    0.0000   -1.0003   -1.0004    0.0000 
 
 Element; 12   
 int pt    Coords          e_11      e_22     e_12      s_11       s_22      s_12 
    1  1.1207  1.5405    0.0000   -0.0000    0.0000    1.3381    1.3379    0.0000 
    2  1.2900  1.4025    0.0000   -0.0000    0.0000    1.3636    1.3635    0.0000 
    3  1.3766  1.8875    0.0000   -0.0000    0.0000   -1.0217   -1.0218    0.0000 
    4  1.5826  1.7195    0.0000   -0.0000    0.0000   -1.0011   -1.0012    0.0000 
 
 Element; 13   
 int pt    Coords          e_11      e_22     e_12      s_11       s_22      s_12 
    1  1.4025  1.2900   -0.0000    0.0000    0.0000    1.3635    1.3636    0.0000 
    2  1.5405  1.1207   -0.0000    0.0000    0.0000    1.3379    1.3381    0.0000 
    3  1.7195  1.5826   -0.0000    0.0000    0.0000   -1.0012   -1.0011    0.0000 
    4  1.8875  1.3766   -0.0000    0.0000    0.0000   -1.0218   -1.0217    0.0000 
 
 Element; 14   
 int pt    Coords          e_11      e_22     e_12      s_11       s_22      s_12 
    1  1.6280  0.9896   -0.0000    0.0000    0.0000    1.4672    1.4673    0.0000 
    2  1.7289  0.8005   -0.0000    0.0000    0.0000    1.3207    1.3208    0.0000 
    3  1.9945  1.2162   -0.0000    0.0000    0.0000   -1.0004   -1.0003    0.0000 
    4  2.1187  0.9838   -0.0000    0.0000    0.0000   -1.1187   -1.1186    0.0000 
 
 Element; 15   
 int pt    Coords          e_11      e_22     e_12      s_11       s_22      s_12 
    1  1.7887  0.6553   -0.0000    0.0000   -0.0000    1.5100    1.5101   -0.0000 
    2  1.8513  0.4477   -0.0000    0.0000   -0.0000    1.3668    1.3669   -0.0000 
    3  2.1920  0.8056   -0.0000    0.0000   -0.0000   -0.9689   -0.9689   -0.0000 
    4  2.2679  0.5514   -0.0000    0.0000   -0.0000   -1.0893   -1.0892   -0.0000 
 
 Element; 16   
 int pt    Coords          e_11      e_22     e_12      s_11       s_22      s_12 
    1  1.8815  0.2931   -0.0000    0.0000   -0.0000    1.4522    1.4523   -0.0000 
    2  1.9013  0.0785   -0.0000    0.0000   -0.0000    1.4095    1.4096   -0.0000 
    3  2.3054  0.3615   -0.0000    0.0000   -0.0000   -1.0214   -1.0214   -0.0000 
    4  2.3318  0.0969   -0.0000    0.0000   -0.0000   -1.0465   -1.0464   -0.0000 
 
 Element; 17   
 int pt    Coords          e_11      e_22     e_12      s_11       s_22      s_12 
    1  0.1098  2.6475    0.0000   -0.0000   -0.0000    0.5573    0.5573   -0.0000 
    2  0.4098  2.6174    0.0000   -0.0000   -0.0000    0.5451    0.5451   -0.0000 
    3  0.1269  3.0793    0.0000   -0.0000   -0.0000   -0.4423   -0.4423   -0.0000 
    4  0.4735  3.0459    0.0000   -0.0000   -0.0000   -0.4501   -0.4502   -0.0000 
 
 Element; 18   
 int pt    Coords          e_11      e_22     e_12      s_11       s_22      s_12 
    1  0.6252  2.5746    0.0000   -0.0000   -0.0000    0.5564    0.5563   -0.0000 
    2  0.9136  2.4876    0.0000   -0.0000   -0.0000    0.5122    0.5122   -0.0000 
    3  0.7231  2.9957    0.0000   -0.0000   -0.0000   -0.4070   -0.4070   -0.0000 
    4  1.0582  2.8921    0.0000   -0.0000   -0.0000   -0.4497   -0.4497   -0.0000 
 
 Element; 19   
 int pt    Coords          e_11      e_22     e_12      s_11       s_22      s_12 
    1  1.1163  2.4041    0.0000   -0.0000    0.0000    0.5662    0.5660    0.0000 
    2  1.3816  2.2628    0.0000   -0.0000    0.0000    0.5568    0.5567    0.0000 
    3  1.2950  2.7939    0.0000   -0.0000    0.0000   -0.3975   -0.3977    0.0000 
    4  1.6070  2.6292    0.0000   -0.0000    0.0000   -0.4029   -0.4031    0.0000 
 
 Element; 20   
 int pt    Coords          e_11      e_22     e_12      s_11       s_22      s_12 
    1  1.5640  2.1415    0.0000   -0.0000    0.0000    0.5197    0.5196    0.0000 
    2  1.7968  1.9515    0.0000   -0.0000    0.0000    0.5473    0.5472    0.0000 
    3  1.8199  2.4885    0.0000   -0.0000    0.0000   -0.4482   -0.4483    0.0000 
    4  2.0894  2.2685    0.0000   -0.0000    0.0000   -0.4245   -0.4246    0.0000 
 
 Element; 21   
 int pt    Coords          e_11      e_22     e_12      s_11       s_22      s_12 
    1  1.9515  1.7968   -0.0000    0.0000    0.0000    0.5472    0.5473    0.0000 
    2  2.1415  1.5640   -0.0000    0.0000    0.0000    0.5196    0.5197    0.0000 
    3  2.2685  2.0894   -0.0000    0.0000    0.0000   -0.4246   -0.4245    0.0000 
    4  2.4885  1.8199   -0.0000    0.0000    0.0000   -0.4483   -0.4482    0.0000 
 
 Element; 22   
 int pt    Coords          e_11      e_22     e_12      s_11       s_22      s_12 
    1  2.2628  1.3816   -0.0000    0.0000    0.0000    0.5567    0.5568    0.0000 
    2  2.4041  1.1163   -0.0000    0.0000    0.0000    0.5660    0.5662    0.0000 
    3  2.6292  1.6070   -0.0000    0.0000    0.0000   -0.4031   -0.4029    0.0000 
    4  2.7939  1.2950   -0.0000    0.0000    0.0000   -0.3977   -0.3975    0.0000 
 
 Element; 23   
 int pt    Coords          e_11      e_22     e_12      s_11       s_22      s_12 
    1  2.4876  0.9136   -0.0000    0.0000   -0.0000    0.5122    0.5122   -0.0000 
    2  2.5746  0.6252   -0.0000    0.0000   -0.0000    0.5563    0.5564   -0.0000 
    3  2.8921  1.0582   -0.0000    0.0000   -0.0000   -0.4497   -0.4497   -0.0000 
    4  2.9957  0.7231   -0.0000    0.0000   -0.0000   -0.4070   -0.4070   -0.0000 
 
 Element; 24   
 int pt    Coords          e_11      e_22     e_12      s_11       s_22      s_12 
    1  2.6174  0.4098   -0.0000    0.0000   -0.0000    0.5451    0.5451   -0.0000 
    2  2.6475  0.1098   -0.0000    0.0000   -0.0000    0.5573    0.5573   -0.0000 
    3  3.0459  0.4735   -0.0000    0.0000   -0.0000   -0.4502   -0.4501   -0.0000 
    4  3.0793  0.1269   -0.0000    0.0000   -0.0000   -0.4423   -0.4423   -0.0000 
 
 Element; 25   
 int pt    Coords          e_11      e_22     e_12      s_11       s_22      s_12 
    1  0.1398  3.3949    0.0000   -0.0000   -0.0000    0.2716    0.2716   -0.0000 
    2  0.5219  3.3578    0.0000   -0.0000   -0.0000    0.2943    0.2943   -0.0000 
    3  0.1581  3.8255    0.0000   -0.0000   -0.0000   -0.2269   -0.2269   -0.0000 
    4  0.5902  3.7817    0.0000   -0.0000   -0.0000   -0.2087   -0.2087   -0.0000 
 
 Element; 26   
 int pt    Coords          e_11      e_22     e_12      s_11       s_22      s_12 
    1  0.7969  3.3028    0.0000   -0.0000   -0.0000    0.2468    0.2467   -0.0000 
    2  1.1661  3.1894    0.0000   -0.0000   -0.0000    0.2924    0.2924   -0.0000 
    3  0.9005  3.7206    0.0000   -0.0000   -0.0000   -0.2378   -0.2378   -0.0000 
    4  1.3165  3.5972    0.0000   -0.0000   -0.0000   -0.1930   -0.1930   -0.0000 
 
 Element; 27   
 int pt    Coords          e_11      e_22     e_12      s_11       s_22      s_12 
    1  1.4271  3.0814    0.0000   -0.0000    0.0000    0.2278    0.2277    0.0000 
    2  1.7708  2.8997    0.0000   -0.0000    0.0000    0.2461    0.2460    0.0000 
    3  1.6092  3.4770    0.0000   -0.0000    0.0000   -0.2154   -0.2156    0.0000 
    4  1.9929  3.2719    0.0000   -0.0000    0.0000   -0.2009   -0.2010    0.0000 
 
 Element; 28   
 int pt    Coords          e_11      e_22     e_12      s_11       s_22      s_12 
    1  2.0056  2.7441    0.0000   -0.0000    0.0000    0.2878    0.2877    0.0000 
    2  2.3031  2.5010    0.0000   -0.0000    0.0000    0.2775    0.2773    0.0000 
    3  2.2569  3.0957    0.0000   -0.0000    0.0000   -0.2157   -0.2158    0.0000 
    4  2.5944  2.8192    0.0000   -0.0000    0.0000   -0.2253   -0.2254    0.0000 
 
 Element; 29   
 int pt    Coords          e_11      e_22     e_12      s_11       s_22      s_12 
    1  2.5010  2.3031   -0.0000    0.0000    0.0000    0.2773    0.2775    0.0000 
    2  2.7441  2.0056   -0.0000    0.0000    0.0000    0.2877    0.2878    0.0000 
    3  2.8192  2.5944   -0.0000    0.0000    0.0000   -0.2254   -0.2253    0.0000 
    4  3.0957  2.2569   -0.0000    0.0000    0.0000   -0.2158   -0.2157    0.0000 
 
 Element; 30   
 int pt    Coords          e_11      e_22     e_12      s_11       s_22      s_12 
    1  2.8997  1.7708   -0.0000    0.0000    0.0000    0.2460    0.2461    0.0000 
    2  3.0814  1.4271   -0.0000    0.0000    0.0000    0.2277    0.2278    0.0000 
    3  3.2719  1.9929   -0.0000    0.0000    0.0000   -0.2010   -0.2009    0.0000 
    4  3.4770  1.6092   -0.0000    0.0000    0.0000   -0.2156   -0.2154    0.0000 
 
 Element; 31   
 int pt    Coords          e_11      e_22     e_12      s_11       s_22      s_12 
    1  3.1894  1.1661   -0.0000    0.0000   -0.0000    0.2924    0.2924   -0.0000 
    2  3.3028  0.7969   -0.0000    0.0000   -0.0000    0.2467    0.2468   -0.0000 
    3  3.5972  1.3165   -0.0000    0.0000   -0.0000   -0.1930   -0.1930   -0.0000 
    4  3.7206  0.9005   -0.0000    0.0000   -0.0000   -0.2378   -0.2378   -0.0000 
 
 Element; 32   
 int pt    Coords          e_11      e_22     e_12      s_11       s_22      s_12 
    1  3.3578  0.5219   -0.0000    0.0000   -0.0000    0.2943    0.2943   -0.0000 
    2  3.3949  0.1398   -0.0000    0.0000   -0.0000    0.2716    0.2716   -0.0000 
    3  3.7817  0.5902   -0.0000    0.0000   -0.0000   -0.2087   -0.2087   -0.0000 
    4  3.8255  0.1581   -0.0000    0.0000   -0.0000   -0.2269   -0.2269   -0.0000 
